0.000000 0.967880 0.761190 0.529340 0.967880 0.911470 0.700170 0.498880 0.761190 0.700170 0.563740 0.425280 0.529340 0.498880 0.425280 0.340640
0.967880 0.000000 0.967880 0.761190 0.911470 0.967880 0.911470 0.700170 0.700170 0.761190 0.700170 0.563740 0.498880 0.529340 0.498880 0.425280
0.761190 0.967880 0.000000 0.967880 0.700170 0.911470 0.967880 0.911470 0.563740 0.700170 0.761190 0.700170 0.425280 0.498880 0.529340 0.498880
0.529340 0.761190 0.967880 0.000000 0.498880 0.700170 0.911470 0.967880 0.425280 0.563740 0.700170 0.761190 0.340640 0.425280 0.498880 0.529340
0.967880 0.911470 0.700170 0.498880 0.000000 0.967880 0.761190 0.529340 0.967880 0.911470 0.700170 0.498880 0.761190 0.700170 0.563740 0.425280
0.911470 0.967880 0.911470 0.700170 0.967880 0.000000 0.967880 0.761190 0.911470 0.967880 0.911470 0.700170 0.700170 0.761190 0.700170 0.563740
0.700170 0.911470 0.967880 0.911470 0.761190 0.967880 0.000000 0.967880 0.700170 0.911470 0.967880 0.911470 0.563740 0.700170 0.761190 0.700170
0.498880 0.700170 0.911470 0.967880 0.529340 0.761190 0.967880 0.000000 0.498880 0.700170 0.911470 0.967880 0.425280 0.563740 0.700170 0.761190
0.761190 0.700170 0.563740 0.425280 0.967880 0.911470 0.700170 0.498880 0.000000 0.967880 0.761190 0.529340 0.967880 0.911470 0.700170 0.498880
0.700170 0.761190 0.700170 0.563740 0.911470 0.967880 0.911470 0.700170 0.967880 0.000000 0.967880 0.761190 0.911470 0.967880 0.911470 0.700170
0.563740 0.700170 0.761190 0.700170 0.700170 0.911470 0.967880 0.911470 0.761190 0.967880 0.000000 0.967880 0.700170 0.911470 0.967880 0.911470
0.425280 0.563740 0.700170 0.761190 0.498880 0.700170 0.911470 0.967880 0.529340 0.761190 0.967880 0.000000 0.498880 0.700170 0.911470 0.967880
0.529340 0.498880 0.425280 0.340640 0.761190 0.700170 0.563740 0.425280 0.967880 0.911470 0.700170 0.498880 0.000000 0.967880 0.761190 0.529340
0.498880 0.529340 0.498880 0.425280 0.700170 0.761190 0.700170 0.563740 0.911470 0.967880 0.911470 0.700170 0.967880 0.000000 0.967880 0.761190
0.425280 0.498880 0.529340 0.498880 0.563740 0.700170 0.761190 0.700170 0.700170 0.911470 0.967880 0.911470 0.761190 0.967880 0.000000 0.967880
0.340640 0.425280 0.498880 0.529340 0.425280 0.563740 0.700170 0.761190 0.498880 0.700170 0.911470 0.967880 0.529340 0.761190 0.967880 0.000000