0.000000 0.707110 0.707110 0.707110 0.707110 1.000000 0.948680 0.894430 0.707110 0.948680 1.000000 0.980580 0.707110 0.894430 0.980580 1.000000
-0.554700 0.000000 0.554700 0.554700 0.196120 0.832050 0.980580 0.868240 0.496140 0.832050 0.992280 0.980580 0.613940 0.832050 0.964760 1.000000
-0.316230 -0.316230 0.000000 0.316230 0.141420 0.447210 0.948680 0.894430 0.447210 0.707110 0.948680 0.989950 0.613940 0.800000 0.948680 1.000000
0.000000 0.000000 0.000000 0.000000 0.316230 0.447210 0.707110 1.000000 0.554700 0.707110 0.894430 1.000000 0.707110 0.832050 0.948680 1.000000
-0.554700 0.196120 0.496140 0.613940 0.000000 0.832050 0.832050 0.832050 0.554700 0.980580 0.992280 0.964760 0.554700 0.868240 0.980580 1.000000
-1.000000 -0.707110 0.000000 0.316230 -0.707110 0.000000 0.707110 0.707110 0.000000 0.707110 1.000000 0.948680 0.316230 0.707110 0.948680 1.000000
-0.800000 -0.948680 -0.894430 -0.316230 -0.447210 -0.447210 0.000000 0.447210 0.000000 0.316230 0.894430 0.948680 0.316230 0.600000 0.894430 1.000000
-0.316230 -0.447210 -0.707110 -1.000000 0.000000 0.000000 0.000000 0.000000 0.316230 0.447210 0.707110 1.000000 0.554700 0.707110 0.894430 1.000000
-0.316230 0.141420 0.447210 0.613940 -0.316230 0.447210 0.707110 0.800000 0.000000 0.948680 0.948680 0.948680 0.316230 0.894430 0.989950 1.000000
-0.800000 -0.447210 0.000000 0.316230 -0.948680 -0.447210 0.316230 0.600000 -0.894430 0.000000 0.894430 0.894430 -0.316230 0.447210 0.948680 1.000000
-1.000000 -0.948680 -0.707110 -0.316230 -0.948680 -1.000000 -0.707110 0.000000 -0.707110 -0.707110 0.000000 0.707110 -0.316230 0.000000 0.707110 1.000000
-0.554700 -0.707110 -0.894430 -1.000000 -0.316230 -0.447210 -0.707110 -1.000000 0.000000 0.000000 0.000000 0.000000 0.316230 0.447210 0.707110 1.000000
0.000000 0.316230 0.554700 0.707110 0.000000 0.447210 0.707110 0.832050 0.000000 0.707110 0.894430 0.948680 0.000000 1.000000 1.000000 1.000000
-0.316230 0.000000 0.316230 0.554700 -0.447210 0.000000 0.447210 0.707110 -0.707110 0.000000 0.707110 0.894430 -1.000000 0.000000 1.000000 1.000000
-0.554700 -0.316230 0.000000 0.316230 -0.707110 -0.447210 0.000000 0.447210 -0.894430 -0.707110 0.000000 0.707110 -1.000000 -1.000000 0.000000 1.000000
0.000000 0.000000 0.000000 0.000000 0.000000 0.000000 0.000000 0.000000 0.000000 0.000000 0.000000 0.000000 0.000000 0.000000 0.000000 0.000000