0.000000 1.000000 1.000000 1.000000 0.000000 0.707110 0.894430 0.948680 0.000000 0.447210 0.707110 0.832050 0.000000 0.316230 0.554700 0.707110
-1.000000 0.000000 1.000000 1.000000 -0.707110 0.000000 0.707110 0.894430 -0.447210 0.000000 0.447210 0.707110 -0.316230 0.000000 0.316230 0.554700
-1.000000 -1.000000 0.000000 1.000000 -0.894430 -0.707110 0.000000 0.707110 -0.707110 -0.447210 0.000000 0.447210 -0.554700 -0.316230 0.000000 0.316230
-1.000000 -1.000000 -1.000000 0.000000 -0.948680 -0.894430 -0.707110 0.000000 -0.832050 -0.707110 -0.447210 0.000000 -0.707110 -0.554700 -0.316230 0.000000
0.000000 0.707110 0.894430 0.948680 0.000000 1.000000 1.000000 1.000000 0.000000 0.707110 0.894430 0.948680 0.000000 0.447210 0.707110 0.832050
-0.707110 0.000000 0.707110 0.894430 -1.000000 0.000000 1.000000 1.000000 -0.707110 0.000000 0.707110 0.894430 -0.447210 0.000000 0.447210 0.707110
-0.894430 -0.707110 0.000000 0.707110 -1.000000 -1.000000 0.000000 1.000000 -0.894430 -0.707110 0.000000 0.707110 -0.707110 -0.447210 0.000000 0.447210
-0.948680 -0.894430 -0.707110 0.000000 -1.000000 -1.000000 -1.000000 0.000000 -0.948680 -0.894430 -0.707110 0.000000 -0.832050 -0.707110 -0.447210 0.000000
0.000000 0.447210 0.707110 0.832050 0.000000 0.707110 0.894430 0.948680 0.000000 1.000000 1.000000 1.000000 0.000000 0.707110 0.894430 0.948680
-0.447210 0.000000 0.447210 0.707110 -0.707110 0.000000 0.707110 0.894430 -1.000000 0.000000 1.000000 1.000000 -0.707110 0.000000 0.707110 0.894430
-0.707110 -0.447210 0.000000 0.447210 -0.894430 -0.707110 0.000000 0.707110 -1.000000 -1.000000 0.000000 1.000000 -0.894430 -0.707110 0.000000 0.707110
-0.832050 -0.707110 -0.447210 0.000000 -0.948680 -0.894430 -0.707110 0.000000 -1.000000 -1.000000 -1.000000 0.000000 -0.948680 -0.894430 -0.707110 0.000000
0.000000 0.316230 0.554700 0.707110 0.000000 0.447210 0.707110 0.832050 0.000000 0.707110 0.894430 0.948680 0.000000 1.000000 1.000000 1.000000
-0.316230 0.000000 0.316230 0.554700 -0.447210 0.000000 0.447210 0.707110 -0.707110 0.000000 0.707110 0.894430 -1.000000 0.000000 1.000000 1.000000
-0.554700 -0.316230 0.000000 0.316230 -0.707110 -0.447210 0.000000 0.447210 -0.894430 -0.707110 0.000000 0.707110 -1.000000 -1.000000 0.000000 1.000000
-0.707110 -0.554700 -0.316230 0.000000 -0.832050 -0.707110 -0.447210 0.000000 -0.948680 -0.894430 -0.707110 0.000000 -1.000000 -1.000000 -1.000000 0.000000
0.000000 -0.000000 -0.000000 -0.000000 -1.000000 -0.707110 -0.447210 -0.316230 -1.000000 -0.894430 -0.707110 -0.554700 -1.000000 -0.948680 -0.832050 -0.707110
0.000000 0.000000 -0.000000 -0.000000 -0.707110 -1.000000 -0.707110 -0.447210 -0.894430 -1.000000 -0.894430 -0.707110 -0.948680 -1.000000 -0.948680 -0.832050
0.000000 0.000000 0.000000 -0.000000 -0.447210 -0.707110 -1.000000 -0.707110 -0.707110 -0.894430 -1.000000 -0.894430 -0.832050 -0.948680 -1.000000 -0.948680
0.000000 0.000000 0.000000 0.000000 -0.316230 -0.447210 -0.707110 -1.000000 -0.554700 -0.707110 -0.894430 -1.000000 -0.707110 -0.832050 -0.948680 -1.000000
1.000000 0.707110 0.447210 0.316230 0.000000 -0.000000 -0.000000 -0.000000 -1.000000 -0.707110 -0.447210 -0.316230 -1.000000 -0.894430 -0.707110 -0.554700
0.707110 1.000000 0.707110 0.447210 0.000000 0.000000 -0.000000 -0.000000 -0.707110 -1.000000 -0.707110 -0.447210 -0.894430 -1.000000 -0.894430 -0.707110
0.447210 0.707110 1.000000 0.707110 0.000000 0.000000 0.000000 -0.000000 -0.447210 -0.707110 -1.000000 -0.707110 -0.707110 -0.894430 -1.000000 -0.894430
0.316230 0.447210 0.707110 1.000000 0.000000 0.000000 0.000000 0.000000 -0.316230 -0.447210 -0.707110 -1.000000 -0.554700 -0.707110 -0.894430 -1.000000
1.000000 0.894430 0.707110 0.554700 1.000000 0.707110 0.447210 0.316230 0.000000 -0.000000 -0.000000 -0.000000 -1.000000 -0.707110 -0.447210 -0.316230
0.894430 1.000000 0.894430 0.707110 0.707110 1.000000 0.707110 0.447210 0.000000 0.000000 -0.000000 -0.000000 -0.707110 -1.000000 -0.707110 -0.447210
0.707110 0.894430 1.000000 0.894430 0.447210 0.707110 1.000000 0.707110 0.000000 0.000000 0.000000 -0.000000 -0.447210 -0.707110 -1.000000 -0.707110
0.554700 0.707110 0.894430 1.000000 0.316230 0.447210 0.707110 1.000000 0.000000 0.000000 0.000000 0.000000 -0.316230 -0.447210 -0.707110 -1.000000
1.000000 0.948680 0.832050 0.707110 1.000000 0.894430 0.707110 0.554700 1.000000 0.707110 0.447210 0.316230 0.000000 -0.000000 -0.000000 -0.000000
0.948680 1.000000 0.948680 0.832050 0.894430 1.000000 0.894430 0.707110 0.707110 1.000000 0.707110 0.447210 0.000000 0.000000 -0.000000 -0.000000
0.832050 0.948680 1.000000 0.948680 0.707110 0.894430 1.000000 0.894430 0.447210 0.707110 1.000000 0.707110 0.000000 0.000000 0.000000 -0.000000
0.707110 0.832050 0.948680 1.000000 0.554700 0.707110 0.894430 1.000000 0.316230 0.447210 0.707110 1.000000 0.000000 0.000000 0.000000 0.000000
0.000000 -1.000000 -1.000000 -1.000000 0.000000 -0.707110 -0.894430 -0.948680 0.000000 -0.447210 -0.707110 -0.832050 0.000000 -0.316230 -0.554700 -0.707110
1.000000 0.000000 -1.000000 -1.000000 0.707110 0.000000 -0.707110 -0.894430 0.447210 0.000000 -0.447210 -0.707110 0.316230 0.000000 -0.316230 -0.554700
1.000000 1.000000 0.000000 -1.000000 0.894430 0.707110 0.000000 -0.707110 0.707110 0.447210 0.000000 -0.447210 0.554700 0.316230 0.000000 -0.316230
1.000000 1.000000 1.000000 0.000000 0.948680 0.894430 0.707110 0.000000 0.832050 0.707110 0.447210 0.000000 0.707110 0.554700 0.316230 0.000000
-0.000000 -0.707110 -0.894430 -0.948680 0.000000 -1.000000 -1.000000 -1.000000 0.000000 -0.707110 -0.894430 -0.948680 0.000000 -0.447210 -0.707110 -0.832050
0.707110 -0.000000 -0.707110 -0.894430 1.000000 0.000000 -1.000000 -1.000000 0.707110 0.000000 -0.707110 -0.894430 0.447210 0.000000 -0.447210 -0.707110
0.894430 0.707110 -0.000000 -0.707110 1.000000 1.000000 0.000000 -1.000000 0.894430 0.707110 0.000000 -0.707110 0.707110 0.447210 0.000000 -0.447210
0.948680 0.894430 0.707110 -0.000000 1.000000 1.000000 1.000000 0.000000 0.948680 0.894430 0.707110 0.000000 0.832050 0.707110 0.447210 0.000000
-0.000000 -0.447210 -0.707110 -0.832050 -0.000000 -0.707110 -0.894430 -0.948680 0.000000 -1.000000 -1.000000 -1.000000 0.000000 -0.707110 -0.894430 -0.948680
0.447210 -0.000000 -0.447210 -0.707110 0.707110 -0.000000 -0.707110 -0.894430 1.000000 0.000000 -1.000000 -1.000000 0.707110 0.000000 -0.707110 -0.894430
0.707110 0.447210 -0.000000 -0.447210 0.894430 0.707110 -0.000000 -0.707110 1.000000 1.000000 0.000000 -1.000000 0.894430 0.707110 0.000000 -0.707110
0.832050 0.707110 0.447210 -0.000000 0.948680 0.894430 0.707110 -0.000000 1.000000 1.000000 1.000000 0.000000 0.948680 0.894430 0.707110 0.000000
-0.000000 -0.316230 -0.554700 -0.707110 -0.000000 -0.447210 -0.707110 -0.832050 -0.000000 -0.707110 -0.894430 -0.948680 0.000000 -1.000000 -1.000000 -1.000000
0.316230 -0.000000 -0.316230 -0.554700 0.447210 -0.000000 -0.447210 -0.707110 0.707110 -0.000000 -0.707110 -0.894430 1.000000 0.000000 -1.000000 -1.000000
0.554700 0.316230 -0.000000 -0.316230 0.707110 0.447210 -0.000000 -0.447210 0.894430 0.707110 -0.000000 -0.707110 1.000000 1.000000 0.000000 -1.000000
0.707110 0.554700 0.316230 -0.000000 0.832050 0.707110 0.447210 -0.000000 0.948680 0.894430 0.707110 -0.000000 1.000000 1.000000 1.000000 0.000000
0.000000 1.000000 1.000000 1.000000 0.000000 0.707110 0.894430 0.948680 0.000000 0.447210 0.707110 0.832050 0.000000 0.316230 0.554700 0.707110
-1.000000 0.000000 1.000000 1.000000 -0.707110 0.000000 0.707110 0.894430 -0.447210 0.000000 0.447210 0.707110 -0.316230 0.000000 0.316230 0.554700
-1.000000 -1.000000 0.000000 1.000000 -0.894430 -0.707110 0.000000 0.707110 -0.707110 -0.447210 0.000000 0.447210 -0.554700 -0.316230 0.000000 0.316230
-1.000000 -1.000000 -1.000000 0.000000 -0.948680 -0.894430 -0.707110 0.000000 -0.832050 -0.707110 -0.447210 0.000000 -0.707110 -0.554700 -0.316230 0.000000
0.000000 0.707110 0.894430 0.948680 0.000000 1.000000 1.000000 1.000000 0.000000 0.707110 0.894430 0.948680 0.000000 0.447210 0.707110 0.832050
-0.707110 0.000000 0.707110 0.894430 -1.000000 0.000000 1.000000 1.000000 -0.707110 0.000000 0.707110 0.894430 -0.447210 0.000000 0.447210 0.707110
-0.894430 -0.707110 0.000000 0.707110 -1.000000 -1.000000 0.000000 1.000000 -0.894430 -0.707110 0.000000 0.707110 -0.707110 -0.447210 0.000000 0.447210
-0.948680 -0.894430 -0.707110 0.000000 -1.000000 -1.000000 -1.000000 0.000000 -0.948680 -0.894430 -0.707110 0.000000 -0.832050 -0.707110 -0.447210 0.000000
0.000000 0.447210 0.707110 0.832050 0.000000 0.707110 0.894430 0.948680 0.000000 1.000000 1.000000 1.000000 0.000000 0.707110 0.894430 0.948680
-0.447210 0.000000 0.447210 0.707110 -0.707110 0.000000 0.707110 0.894430 -1.000000 0.000000 1.000000 1.000000 -0.707110 0.000000 0.707110 0.894430
-0.707110 -0.447210 0.000000 0.447210 -0.894430 -0.707110 0.000000 0.707110 -1.000000 -1.000000 0.000000 1.000000 -0.894430 -0.707110 0.000000 0.707110
-0.832050 -0.707110 -0.447210 0.000000 -0.948680 -0.894430 -0.707110 0.000000 -1.000000 -1.000000 -1.000000 0.000000 -0.948680 -0.894430 -0.707110 0.000000
0.000000 0.316230 0.554700 0.707110 0.000000 0.447210 0.707110 0.832050 0.000000 0.707110 0.894430 0.948680 0.000000 1.000000 1.000000 1.000000
-0.316230 0.000000 0.316230 0.554700 -0.447210 0.000000 0.447210 0.707110 -0.707110 0.000000 0.707110 0.894430 -1.000000 0.000000 1.000000 1.000000
-0.554700 -0.316230 0.000000 0.316230 -0.707110 -0.447210 0.000000 0.447210 -0.894430 -0.707110 0.000000 0.707110 -1.000000 -1.000000 0.000000 1.000000
-0.707110 -0.554700 -0.316230 0.000000 -0.832050 -0.707110 -0.447210 0.000000 -0.948680 -0.894430 -0.707110 0.000000 -1.000000 -1.000000 -1.000000 0.000000
0.000000 -0.000000 -0.000000 -0.000000 -1.000000 -0.707110 -0.447210 -0.316230 -1.000000 -0.894430 -0.707110 -0.554700 -1.000000 -0.948680 -0.832050 -0.707110
0.000000 0.000000 -0.000000 -0.000000 -0.707110 -1.000000 -0.707110 -0.447210 -0.894430 -1.000000 -0.894430 -0.707110 -0.948680 -1.000000 -0.948680 -0.832050
0.000000 0.000000 0.000000 -0.000000 -0.447210 -0.707110 -1.000000 -0.707110 -0.707110 -0.894430 -1.000000 -0.894430 -0.832050 -0.948680 -1.000000 -0.948680
0.000000 0.000000 0.000000 0.000000 -0.316230 -0.447210 -0.707110 -1.000000 -0.554700 -0.707110 -0.894430 -1.000000 -0.707110 -0.832050 -0.948680 -1.000000
1.000000 0.707110 0.447210 0.316230 0.000000 -0.000000 -0.000000 -0.000000 -1.000000 -0.707110 -0.447210 -0.316230 -1.000000 -0.894430 -0.707110 -0.554700
0.707110 1.000000 0.707110 0.447210 0.000000 0.000000 -0.000000 -0.000000 -0.707110 -1.000000 -0.707110 -0.447210 -0.894430 -1.000000 -0.894430 -0.707110
0.447210 0.707110 1.000000 0.707110 0.000000 0.000000 0.000000 -0.000000 -0.447210 -0.707110 -1.000000 -0.707110 -0.707110 -0.894430 -1.000000 -0.894430
0.316230 0.447210 0.707110 1.000000 0.000000 0.000000 0.000000 0.000000 -0.316230 -0.447210 -0.707110 -1.000000 -0.554700 -0.707110 -0.894430 -1.000000
1.000000 0.894430 0.707110 0.554700 1.000000 0.707110 0.447210 0.316230 0.000000 -0.000000 -0.000000 -0.000000 -1.000000 -0.707110 -0.447210 -0.316230
0.894430 1.000000 0.894430 0.707110 0.707110 1.000000 0.707110 0.447210 0.000000 0.000000 -0.000000 -0.000000 -0.707110 -1.000000 -0.707110 -0.447210
0.707110 0.894430 1.000000 0.894430 0.447210 0.707110 1.000000 0.707110 0.000000 0.000000 0.000000 -0.000000 -0.447210 -0.707110 -1.000000 -0.707110
0.554700 0.707110 0.894430 1.000000 0.316230 0.447210 0.707110 1.000000 0.000000 0.000000 0.000000 0.000000 -0.316230 -0.447210 -0.707110 -1.000000
1.000000 0.948680 0.832050 0.707110 1.000000 0.894430 0.707110 0.554700 1.000000 0.707110 0.447210 0.316230 0.000000 -0.000000 -0.000000 -0.000000
0.948680 1.000000 0.948680 0.832050 0.894430 1.000000 0.894430 0.707110 0.707110 1.000000 0.707110 0.447210 0.000000 0.000000 -0.000000 -0.000000
0.832050 0.948680 1.000000 0.948680 0.707110 0.894430 1.000000 0.894430 0.447210 0.707110 1.000000 0.707110 0.000000 0.000000 0.000000 -0.000000
0.707110 0.832050 0.948680 1.000000 0.554700 0.707110 0.894430 1.000000 0.316230 0.447210 0.707110 1.000000 0.000000 0.000000 0.000000 0.000000
0.000000 1.000000 1.000000 1.000000 0.000000 0.707110 0.894430 0.948680 0.000000 0.447210 0.707110 0.832050 0.000000 0.316230 0.554700 0.707110
-1.000000 0.000000 1.000000 1.000000 -0.707110 0.000000 0.707110 0.894430 -0.447210 0.000000 0.447210 0.707110 -0.316230 0.000000 0.316230 0.554700
-1.000000 -1.000000 0.000000 1.000000 -0.894430 -0.707110 0.000000 0.707110 -0.707110 -0.447210 0.000000 0.447210 -0.554700 -0.316230 0.000000 0.316230
-1.000000 -1.000000 -1.000000 0.000000 -0.948680 -0.894430 -0.707110 0.000000 -0.832050 -0.707110 -0.447210 0.000000 -0.707110 -0.554700 -0.316230 0.000000
0.000000 0.707110 0.894430 0.948680 0.000000 1.000000 1.000000 1.000000 0.000000 0.707110 0.894430 0.948680 0.000000 0.447210 0.707110 0.832050
-0.707110 0.000000 0.707110 0.894430 -1.000000 0.000000 1.000000 1.000000 -0.707110 0.000000 0.707110 0.894430 -0.447210 0.000000 0.447210 0.707110
-0.894430 -0.707110 0.000000 0.707110 -1.000000 -1.000000 0.000000 1.000000 -0.894430 -0.707110 0.000000 0.707110 -0.707110 -0.447210 0.000000 0.447210
-0.948680 -0.894430 -0.707110 0.000000 -1.000000 -1.000000 -1.000000 0.000000 -0.948680 -0.894430 -0.707110 0.000000 -0.832050 -0.707110 -0.447210 0.000000
0.000000 0.447210 0.707110 0.832050 0.000000 0.707110 0.894430 0.948680 0.000000 1.000000 1.000000 1.000000 0.000000 0.707110 0.894430 0.948680
-0.447210 0.000000 0.447210 0.707110 -0.707110 0.000000 0.707110 0.894430 -1.000000 0.000000 1.000000 1.000000 -0.707110 0.000000 0.707110 0.894430
-0.707110 -0.447210 0.000000 0.447210 -0.894430 -0.707110 0.000000 0.707110 -1.000000 -1.000000 0.000000 1.000000 -0.894430 -0.707110 0.000000 0.707110
-0.832050 -0.707110 -0.447210 0.000000 -0.948680 -0.894430 -0.707110 0.000000 -1.000000 -1.000000 -1.000000 0.000000 -0.948680 -0.894430 -0.707110 0.000000
0.000000 0.316230 0.554700 0.707110 0.000000 0.447210 0.707110 0.832050 0.000000 0.707110 0.894430 0.948680 0.000000 1.000000 1.000000 1.000000
-0.316230 0.000000 0.316230 0.554700 -0.447210 0.000000 0.447210 0.707110 -0.707110 0.000000 0.707110 0.894430 -1.000000 0.000000 1.000000 1.000000
-0.554700 -0.316230 0.000000 0.316230 -0.707110 -0.447210 0.000000 0.447210 -0.894430 -0.707110 0.000000 0.707110 -1.000000 -1.000000 0.000000 1.000000
-0.707110 -0.554700 -0.316230 0.000000 -0.832050 -0.707110 -0.447210 0.000000 -0.948680 -0.894430 -0.707110 0.000000 -1.000000 -1.000000 -1.000000 0.000000
0.000000 1.000000 1.000000 1.000000 0.000000 0.707110 0.894430 0.948680 0.000000 0.447210 0.707110 0.832050 0.000000 0.316230 0.554700 0.707110
-1.000000 0.000000 1.000000 1.000000 -0.707110 0.000000 0.707110 0.894430 -0.447210 0.000000 0.447210 0.707110 -0.316230 0.000000 0.316230 0.554700
-1.000000 -1.000000 0.000000 1.000000 -0.894430 -0.707110 0.000000 0.707110 -0.707110 -0.447210 0.000000 0.447210 -0.554700 -0.316230 0.000000 0.316230
-1.000000 -1.000000 -1.000000 0.000000 -0.948680 -0.894430 -0.707110 0.000000 -0.832050 -0.707110 -0.447210 0.000000 -0.707110 -0.554700 -0.316230 0.000000
0.000000 0.707110 0.894430 0.948680 0.000000 1.000000 1.000000 1.000000 0.000000 0.707110 0.894430 0.948680 0.000000 0.447210 0.707110 0.832050
-0.707110 0.000000 0.707110 0.894430 -1.000000 0.000000 1.000000 1.000000 -0.707110 0.000000 0.707110 0.894430 -0.447210 0.000000 0.447210 0.707110
-0.894430 -0.707110 0.000000 0.707110 -1.000000 -1.000000 0.000000 1.000000 -0.894430 -0.707110 0.000000 0.707110 -0.707110 -0.447210 0.000000 0.447210
-0.948680 -0.894430 -0.707110 0.000000 -1.000000 -1.000000 -1.000000 0.000000 -0.948680 -0.894430 -0.707110 0.000000 -0.832050 -0.707110 -0.447210 0.000000
0.000000 0.447210 0.707110 0.832050 0.000000 0.707110 0.894430 0.948680 0.000000 1.000000 1.000000 1.000000 0.000000 0.707110 0.894430 0.948680
-0.447210 0.000000 0.447210 0.707110 -0.707110 0.000000 0.707110 0.894430 -1.000000 0.000000 1.000000 1.000000 -0.707110 0.000000 0.707110 0.894430
-0.707110 -0.447210 0.000000 0.447210 -0.894430 -0.707110 0.000000 0.707110 -1.000000 -1.000000 0.000000 1.000000 -0.894430 -0.707110 0.000000 0.707110
-0.832050 -0.707110 -0.447210 0.000000 -0.948680 -0.894430 -0.707110 0.000000 -1.000000 -1.000000 -1.000000 0.000000 -0.948680 -0.894430 -0.707110 0.000000
0.000000 0.316230 0.554700 0.707110 0.000000 0.447210 0.707110 0.832050 0.000000 0.707110 0.894430 0.948680 0.000000 1.000000 1.000000 1.000000
-0.316230 0.000000 0.316230 0.554700 -0.447210 0.000000 0.447210 0.707110 -0.707110 0.000000 0.707110 0.894430 -1.000000 0.000000 1.000000 1.000000
-0.554700 -0.316230 0.000000 0.316230 -0.707110 -0.447210 0.000000 0.447210 -0.894430 -0.707110 0.000000 0.707110 -1.000000 -1.000000 0.000000 1.000000
-0.707110 -0.554700 -0.316230 0.000000 -0.832050 -0.707110 -0.447210 0.000000 -0.948680 -0.894430 -0.707110 0.000000 -1.000000 -1.000000 -1.000000 0.000000
0.000000 -0.000000 -0.000000 -0.000000 -1.000000 -0.707110 -0.447210 -0.316230 -1.000000 -0.894430 -0.707110 -0.554700 -1.000000 -0.948680 -0.832050 -0.707110
0.000000 0.000000 -0.000000 -0.000000 -0.707110 -1.000000 -0.707110 -0.447210 -0.894430 -1.000000 -0.894430 -0.707110 -0.948680 -1.000000 -0.948680 -0.832050
0.000000 0.000000 0.000000 -0.000000 -0.447210 -0.707110 -1.000000 -0.707110 -0.707110 -0.894430 -1.000000 -0.894430 -0.832050 -0.948680 -1.000000 -0.948680
0.000000 0.000000 0.000000 0.000000 -0.316230 -0.447210 -0.707110 -1.000000 -0.554700 -0.707110 -0.894430 -1.000000 -0.707110 -0.832050 -0.948680 -1.000000
1.000000 0.707110 0.447210 0.316230 0.000000 -0.000000 -0.000000 -0.000000 -1.000000 -0.707110 -0.447210 -0.316230 -1.000000 -0.894430 -0.707110 -0.554700
0.707110 1.000000 0.707110 0.447210 0.000000 0.000000 -0.000000 -0.000000 -0.707110 -1.000000 -0.707110 -0.447210 -0.894430 -1.000000 -0.894430 -0.707110
0.447210 0.707110 1.000000 0.707110 0.000000 0.000000 0.000000 -0.000000 -0.447210 -0.707110 -1.000000 -0.707110 -0.707110 -0.894430 -1.000000 -0.894430
0.316230 0.447210 0.707110 1.000000 0.000000 0.000000 0.000000 0.000000 -0.316230 -0.447210 -0.707110 -1.000000 -0.554700 -0.707110 -0.894430 -1.000000
1.000000 0.894430 0.707110 0.554700 1.000000 0.707110 0.447210 0.316230 0.000000 -0.000000 -0.000000 -0.000000 -1.000000 -0.707110 -0.447210 -0.316230
0.894430 1.000000 0.894430 0.707110 0.707110 1.000000 0.707110 0.447210 0.000000 0.000000 -0.000000 -0.000000 -0.707110 -1.000000 -0.707110 -0.447210
0.707110 0.894430 1.000000 0.894430 0.447210 0.707110 1.000000 0.707110 0.000000 0.000000 0.000000 -0.000000 -0.447210 -0.707110 -1.000000 -0.707110
0.554700 0.707110 0.894430 1.000000 0.316230 0.447210 0.707110 1.000000 0.000000 0.000000 0.000000 0.000000 -0.316230 -0.447210 -0.707110 -1.000000
1.000000 0.948680 0.832050 0.707110 1.000000 0.894430 0.707110 0.554700 1.000000 0.707110 0.447210 0.316230 0.000000 -0.000000 -0.000000 -0.000000
0.948680 1.000000 0.948680 0.832050 0.894430 1.000000 0.894430 0.707110 0.707110 1.000000 0.707110 0.447210 0.000000 0.000000 -0.000000 -0.000000
0.832050 0.948680 1.000000 0.948680 0.707110 0.894430 1.000000 0.894430 0.447210 0.707110 1.000000 0.707110 0.000000 0.000000 0.000000 -0.000000
0.707110 0.832050 0.948680 1.000000 0.554700 0.707110 0.894430 1.000000 0.316230 0.447210 0.707110 1.000000 0.000000 0.000000 0.000000 0.000000
0.000000 0.000000 0.000000 0.000000 0.000000 0.000000 0.000000 0.000000 0.000000 0.000000 0.000000 0.000000 0.000000 0.000000 0.000000 0.000000
0.000000 0.000000 0.000000 0.000000 0.000000 0.000000 0.000000 0.000000 0.000000 0.000000 0.000000 0.000000 0.000000 0.000000 0.000000 0.000000
0.000000 0.000000 0.000000 0.000000 0.000000 0.000000 0.000000 0.000000 0.000000 0.000000 0.000000 0.000000 0.000000 0.000000 0.000000 0.000000
0.000000 0.000000 0.000000 0.000000 0.000000 0.000000 0.000000 0.000000 0.000000 0.000000 0.000000 0.000000 0.000000 0.000000 0.000000 0.000000
0.000000 0.000000 0.000000 0.000000 0.000000 0.000000 0.000000 0.000000 0.000000 0.000000 0.000000 0.000000 0.000000 0.000000 0.000000 0.000000
0.000000 0.000000 0.000000 0.000000 0.000000 0.000000 0.000000 0.000000 0.000000 0.000000 0.000000 0.000000 0.000000 0.000000 0.000000 0.000000
0.000000 0.000000 0.000000 0.000000 0.000000 0.000000 0.000000 0.000000 0.000000 0.000000 0.000000 0.000000 0.000000 0.000000 0.000000 0.000000
0.000000 0.000000 0.000000 0.000000 0.000000 0.000000 0.000000 0.000000 0.000000 0.000000 0.000000 0.000000 0.000000 0.000000 0.000000 0.000000
0.000000 0.000000 0.000000 0.000000 0.000000 0.000000 0.000000 0.000000 0.000000 0.000000 0.000000 0.000000 0.000000 0.000000 0.000000 0.000000
0.000000 0.000000 0.000000 0.000000 0.000000 0.000000 0.000000 0.000000 0.000000 0.000000 0.000000 0.000000 0.000000 0.000000 0.000000 0.000000
0.000000 0.000000 0.000000 0.000000 0.000000 0.000000 0.000000 0.000000 0.000000 0.000000 0.000000 0.000000 0.000000 0.000000 0.000000 0.000000
0.000000 0.000000 0.000000 0.000000 0.000000 0.000000 0.000000 0.000000 0.000000 0.000000 0.000000 0.000000 0.000000 0.000000 0.000000 0.000000
0.000000 0.000000 0.000000 0.000000 0.000000 0.000000 0.000000 0.000000 0.000000 0.000000 0.000000 0.000000 0.000000 0.000000 0.000000 0.000000
0.000000 0.000000 0.000000 0.000000 0.000000 0.000000 0.000000 0.000000 0.000000 0.000000 0.000000 0.000000 0.000000 0.000000 0.000000 0.000000
0.000000 0.000000 0.000000 0.000000 0.000000 0.000000 0.000000 0.000000 0.000000 0.000000 0.000000 0.000000 0.000000 0.000000 0.000000 0.000000
0.000000 0.000000 0.000000 0.000000 0.000000 0.000000 0.000000 0.000000 0.000000 0.000000 0.000000 0.000000 0.000000 0.000000 0.000000 0.000000
0.000000 0.000000 0.000000 0.000000 1.000000 0.707110 0.447210 0.316230 1.000000 0.894430 0.707110 0.554700 1.000000 0.948680 0.832050 0.707110
-0.000000 0.000000 0.000000 0.000000 0.707110 1.000000 0.707110 0.447210 0.894430 1.000000 0.894430 0.707110 0.948680 1.000000 0.948680 0.832050
-0.000000 -0.000000 0.000000 0.000000 0.447210 0.707110 1.000000 0.707110 0.707110 0.894430 1.000000 0.894430 0.832050 0.948680 1.000000 0.948680
-0.000000 -0.000000 -0.000000 0.000000 0.316230 0.447210 0.707110 1.000000 0.554700 0.707110 0.894430 1.000000 0.707110 0.832050 0.948680 1.000000
-1.000000 -0.707110 -0.447210 -0.316230 0.000000 0.000000 0.000000 0.000000 1.000000 0.707110 0.447210 0.316230 1.000000 0.894430 0.707110 0.554700
-0.707110 -1.000000 -0.707110 -0.447210 -0.000000 0.000000 0.000000 0.000000 0.707110 1.000000 0.707110 0.447210 0.894430 1.000000 0.894430 0.707110
-0.447210 -0.707110 -1.000000 -0.707110 -0.000000 -0.000000 0.000000 0.000000 0.447210 0.707110 1.000000 0.707110 0.707110 0.894430 1.000000 0.894430
-0.316230 -0.447210 -0.707110 -1.000000 -0.000000 -0.000000 -0.000000 0.000000 0.316230 0.447210 0.707110 1.000000 0.554700 0.707110 0.894430 1.000000
-1.000000 -0.894430 -0.707110 -0.554700 -1.000000 -0.707110 -0.447210 -0.316230 0.000000 0.000000 0.000000 0.000000 1.000000 0.707110 0.447210 0.316230
-0.894430 -1.000000 -0.894430 -0.707110 -0.707110 -1.000000 -0.707110 -0.447210 -0.000000 0.000000 0.000000 0.000000 0.707110 1.000000 0.707110 0.447210
-0.707110 -0.894430 -1.000000 -0.894430 -0.447210 -0.707110 -1.000000 -0.707110 -0.000000 -0.000000 0.000000 0.000000 0.447210 0.707110 1.000000 0.707110
-0.554700 -0.707110 -0.894430 -1.000000 -0.316230 -0.447210 -0.707110 -1.000000 -0.000000 -0.000000 -0.000000 0.000000 0.316230 0.447210 0.707110 1.000000
-1.000000 -0.948680 -0.832050 -0.707110 -1.000000 -0.894430 -0.707110 -0.554700 -1.000000 -0.707110 -0.447210 -0.316230 0.000000 0.000000 0.000000 0.000000
-0.948680 -1.000000 -0.948680 -0.832050 -0.894430 -1.000000 -0.894430 -0.707110 -0.707110 -1.000000 -0.707110 -0.447210 -0.000000 0.000000 0.000000 0.000000
-0.832050 -0.948680 -1.000000 -0.948680 -0.707110 -0.894430 -1.000000 -0.894430 -0.447210 -0.707110 -1.000000 -0.707110 -0.000000 -0.000000 0.000000 0.000000
-0.707110 -0.832050 -0.948680 -1.000000 -0.554700 -0.707110 -0.894430 -1.000000 -0.316230 -0.447210 -0.707110 -1.000000 -0.000000 -0.000000 -0.000000 0.000000
0.000000 1.000000 1.000000 1.000000 0.000000 0.707110 0.894430 0.948680 0.000000 0.447210 0.707110 0.832050 0.000000 0.316230 0.554700 0.707110
-1.000000 0.000000 1.000000 1.000000 -0.707110 0.000000 0.707110 0.894430 -0.447210 0.000000 0.447210 0.707110 -0.316230 0.000000 0.316230 0.554700
-1.000000 -1.000000 0.000000 1.000000 -0.894430 -0.707110 0.000000 0.707110 -0.707110 -0.447210 0.000000 0.447210 -0.554700 -0.316230 0.000000 0.316230
-1.000000 -1.000000 -1.000000 0.000000 -0.948680 -0.894430 -0.707110 0.000000 -0.832050 -0.707110 -0.447210 0.000000 -0.707110 -0.554700 -0.316230 0.000000
0.000000 0.707110 0.894430 0.948680 0.000000 1.000000 1.000000 1.000000 0.000000 0.707110 0.894430 0.948680 0.000000 0.447210 0.707110 0.832050
-0.707110 0.000000 0.707110 0.894430 -1.000000 0.000000 1.000000 1.000000 -0.707110 0.000000 0.707110 0.894430 -0.447210 0.000000 0.447210 0.707110
-0.894430 -0.707110 0.000000 0.707110 -1.000000 -1.000000 0.000000 1.000000 -0.894430 -0.707110 0.000000 0.707110 -0.707110 -0.447210 0.000000 0.447210
-0.948680 -0.894430 -0.707110 0.000000 -1.000000 -1.000000 -1.000000 0.000000 -0.948680 -0.894430 -0.707110 0.000000 -0.832050 -0.707110 -0.447210 0.000000
0.000000 0.447210 0.707110 0.832050 0.000000 0.707110 0.894430 0.948680 0.000000 1.000000 1.000000 1.000000 0.000000 0.707110 0.894430 0.948680
-0.447210 0.000000 0.447210 0.707110 -0.707110 0.000000 0.707110 0.894430 -1.000000 0.000000 1.000000 1.000000 -0.707110 0.000000 0.707110 0.894430
-0.707110 -0.447210 0.000000 0.447210 -0.894430 -0.707110 0.000000 0.707110 -1.000000 -1.000000 0.000000 1.000000 -0.894430 -0.707110 0.000000 0.707110
-0.832050 -0.707110 -0.447210 0.000000 -0.948680 -0.894430 -0.707110 0.000000 -1.000000 -1.000000 -1.000000 0.000000 -0.948680 -0.894430 -0.707110 0.000000
0.000000 0.316230 0.554700 0.707110 0.000000 0.447210 0.707110 0.832050 0.000000 0.707110 0.894430 0.948680 0.000000 1.000000 1.000000 1.000000
-0.316230 0.000000 0.316230 0.554700 -0.447210 0.000000 0.447210 0.707110 -0.707110 0.000000 0.707110 0.894430 -1.000000 0.000000 1.000000 1.000000
-0.554700 -0.316230 0.000000 0.316230 -0.707110 -0.447210 0.000000 0.447210 -0.894430 -0.707110 0.000000 0.707110 -1.000000 -1.000000 0.000000 1.000000
-0.707110 -0.554700 -0.316230 0.000000 -0.832050 -0.707110 -0.447210 0.000000 -0.948680 -0.894430 -0.707110 0.000000 -1.000000 -1.000000 -1.000000 0.000000
0.000000 -1.000000 -1.000000 -1.000000 0.000000 -0.707110 -0.894430 -0.948680 0.000000 -0.447210 -0.707110 -0.832050 0.000000 -0.316230 -0.554700 -0.707110
1.000000 0.000000 -1.000000 -1.000000 0.707110 0.000000 -0.707110 -0.894430 0.447210 0.000000 -0.447210 -0.707110 0.316230 0.000000 -0.316230 -0.554700
1.000000 1.000000 0.000000 -1.000000 0.894430 0.707110 0.000000 -0.707110 0.707110 0.447210 0.000000 -0.447210 0.554700 0.316230 0.000000 -0.316230
1.000000 1.000000 1.000000 0.000000 0.948680 0.894430 0.707110 0.000000 0.832050 0.707110 0.447210 0.000000 0.707110 0.554700 0.316230 0.000000
-0.000000 -0.707110 -0.894430 -0.948680 0.000000 -1.000000 -1.000000 -1.000000 0.000000 -0.707110 -0.894430 -0.948680 0.000000 -0.447210 -0.707110 -0.832050
0.707110 -0.000000 -0.707110 -0.894430 1.000000 0.000000 -1.000000 -1.000000 0.707110 0.000000 -0.707110 -0.894430 0.447210 0.000000 -0.447210 -0.707110
0.894430 0.707110 -0.000000 -0.707110 1.000000 1.000000 0.000000 -1.000000 0.894430 0.707110 0.000000 -0.707110 0.707110 0.447210 0.000000 -0.447210
0.948680 0.894430 0.707110 -0.000000 1.000000 1.000000 1.000000 0.000000 0.948680 0.894430 0.707110 0.000000 0.832050 0.707110 0.447210 0.000000
-0.000000 -0.447210 -0.707110 -0.832050 -0.000000 -0.707110 -0.894430 -0.948680 0.000000 -1.000000 -1.000000 -1.000000 0.000000 -0.707110 -0.894430 -0.948680
0.447210 -0.000000 -0.447210 -0.707110 0.707110 -0.000000 -0.707110 -0.894430 1.000000 0.000000 -1.000000 -1.000000 0.707110 0.000000 -0.707110 -0.894430
0.707110 0.447210 -0.000000 -0.447210 0.894430 0.707110 -0.000000 -0.707110 1.000000 1.000000 0.000000 -1.000000 0.894430 0.707110 0.000000 -0.707110
0.832050 0.707110 0.447210 -0.000000 0.948680 0.894430 0.707110 -0.000000 1.000000 1.000000 1.000000 0.000000 0.948680 0.894430 0.707110 0.000000
-0.000000 -0.316230 -0.554700 -0.707110 -0.000000 -0.447210 -0.707110 -0.832050 -0.000000 -0.707110 -0.894430 -0.948680 0.000000 -1.000000 -1.000000 -1.000000
0.316230 -0.000000 -0.316230 -0.554700 0.447210 -0.000000 -0.447210 -0.707110 0.707110 -0.000000 -0.707110 -0.894430 1.000000 0.000000 -1.000000 -1.000000
0.554700 0.316230 -0.000000 -0.316230 0.707110 0.447210 -0.000000 -0.447210 0.894430 0.707110 -0.000000 -0.707110 1.000000 1.000000 0.000000 -1.000000
0.707110 0.554700 0.316230 -0.000000 0.832050 0.707110 0.447210 -0.000000 0.948680 0.894430 0.707110 -0.000000 1.000000 1.000000 1.000000 0.000000
0.000000 1.000000 1.000000 1.000000 0.000000 0.707110 0.894430 0.948680 0.000000 0.447210 0.707110 0.832050 0.000000 0.316230 0.554700 0.707110
-1.000000 0.000000 1.000000 1.000000 -0.707110 0.000000 0.707110 0.894430 -0.447210 0.000000 0.447210 0.707110 -0.316230 0.000000 0.316230 0.554700
-1.000000 -1.000000 0.000000 1.000000 -0.894430 -0.707110 0.000000 0.707110 -0.707110 -0.447210 0.000000 0.447210 -0.554700 -0.316230 0.000000 0.316230
-1.000000 -1.000000 -1.000000 0.000000 -0.948680 -0.894430 -0.707110 0.000000 -0.832050 -0.707110 -0.447210 0.000000 -0.707110 -0.554700 -0.316230 0.000000
0.000000 0.707110 0.894430 0.948680 0.000000 1.000000 1.000000 1.000000 0.000000 0.707110 0.894430 0.948680 0.000000 0.447210 0.707110 0.832050
-0.707110 0.000000 0.707110 0.894430 -1.000000 0.000000 1.000000 1.000000 -0.707110 0.000000 0.707110 0.894430 -0.447210 0.000000 0.447210 0.707110
-0.894430 -0.707110 0.000000 0.707110 -1.000000 -1.000000 0.000000 1.000000 -0.894430 -0.707110 0.000000 0.707110 -0.707110 -0.447210 0.000000 0.447210
-0.948680 -0.894430 -0.707110 0.000000 -1.000000 -1.000000 -1.000000 0.000000 -0.948680 -0.894430 -0.707110 0.000000 -0.832050 -0.707110 -0.447210 0.000000
0.000000 0.447210 0.707110 0.832050 0.000000 0.707110 0.894430 0.948680 0.000000 1.000000 1.000000 1.000000 0.000000 0.707110 0.894430 0.948680
-0.447210 0.000000 0.447210 0.707110 -0.707110 0.000000 0.707110 0.894430 -1.000000 0.000000 1.000000 1.000000 -0.707110 0.000000 0.707110 0.894430
-0.707110 -0.447210 0.000000 0.447210 -0.894430 -0.707110 0.000000 0.707110 -1.000000 -1.000000 0.000000 1.000000 -0.894430 -0.707110 0.000000 0.707110
-0.832050 -0.707110 -0.447210 0.000000 -0.948680 -0.894430 -0.707110 0.000000 -1.000000 -1.000000 -1.000000 0.000000 -0.948680 -0.894430 -0.707110 0.000000
0.000000 0.316230 0.554700 0.707110 0.000000 0.447210 0.707110 0.832050 0.000000 0.707110 0.894430 0.948680 0.000000 1.000000 1.000000 1.000000
-0.316230 0.000000 0.316230 0.554700 -0.447210 0.000000 0.447210 0.707110 -0.707110 0.000000 0.707110 0.894430 -1.000000 0.000000 1.000000 1.000000
-0.554700 -0.316230 0.000000 0.316230 -0.707110 -0.447210 0.000000 0.447210 -0.894430 -0.707110 0.000000 0.707110 -1.000000 -1.000000 0.000000 1.000000
-0.707110 -0.554700 -0.316230 0.000000 -0.832050 -0.707110 -0.447210 0.000000 -0.948680 -0.894430 -0.707110 0.000000 -1.000000 -1.000000 -1.000000 0.000000
0.000000 0.000000 0.000000 0.000000 1.000000 0.707110 0.447210 0.316230 1.000000 0.894430 0.707110 0.554700 1.000000 0.948680 0.832050 0.707110
-0.000000 0.000000 0.000000 0.000000 0.707110 1.000000 0.707110 0.447210 0.894430 1.000000 0.894430 0.707110 0.948680 1.000000 0.948680 0.832050
-0.000000 -0.000000 0.000000 0.000000 0.447210 0.707110 1.000000 0.707110 0.707110 0.894430 1.000000 0.894430 0.832050 0.948680 1.000000 0.948680
-0.000000 -0.000000 -0.000000 0.000000 0.316230 0.447210 0.707110 1.000000 0.554700 0.707110 0.894430 1.000000 0.707110 0.832050 0.948680 1.000000
-1.000000 -0.707110 -0.447210 -0.316230 0.000000 0.000000 0.000000 0.000000 1.000000 0.707110 0.447210 0.316230 1.000000 0.894430 0.707110 0.554700
-0.707110 -1.000000 -0.707110 -0.447210 -0.000000 0.000000 0.000000 0.000000 0.707110 1.000000 0.707110 0.447210 0.894430 1.000000 0.894430 0.707110
-0.447210 -0.707110 -1.000000 -0.707110 -0.000000 -0.000000 0.000000 0.000000 0.447210 0.707110 1.000000 0.707110 0.707110 0.894430 1.000000 0.894430
-0.316230 -0.447210 -0.707110 -1.000000 -0.000000 -0.000000 -0.000000 0.000000 0.316230 0.447210 0.707110 1.000000 0.554700 0.707110 0.894430 1.000000
-1.000000 -0.894430 -0.707110 -0.554700 -1.000000 -0.707110 -0.447210 -0.316230 0.000000 0.000000 0.000000 0.000000 1.000000 0.707110 0.447210 0.316230
-0.894430 -1.000000 -0.894430 -0.707110 -0.707110 -1.000000 -0.707110 -0.447210 -0.000000 0.000000 0.000000 0.000000 0.707110 1.000000 0.707110 0.447210
-0.707110 -0.894430 -1.000000 -0.894430 -0.447210 -0.707110 -1.000000 -0.707110 -0.000000 -0.000000 0.000000 0.000000 0.447210 0.707110 1.000000 0.707110
-0.554700 -0.707110 -0.894430 -1.000000 -0.316230 -0.447210 -0.707110 -1.000000 -0.000000 -0.000000 -0.000000 0.000000 0.316230 0.447210 0.707110 1.000000
-1.000000 -0.948680 -0.832050 -0.707110 -1.000000 -0.894430 -0.707110 -0.554700 -1.000000 -0.707110 -0.447210 -0.316230 0.000000 0.000000 0.000000 0.000000
-0.948680 -1.000000 -0.948680 -0.832050 -0.894430 -1.000000 -0.894430 -0.707110 -0.707110 -1.000000 -0.707110 -0.447210 -0.000000 0.000000 0.000000 0.000000
-0.832050 -0.948680 -1.000000 -0.948680 -0.707110 -0.894430 -1.000000 -0.894430 -0.447210 -0.707110 -1.000000 -0.707110 -0.000000 -0.000000 0.000000 0.000000
-0.707110 -0.832050 -0.948680 -1.000000 -0.554700 -0.707110 -0.894430 -1.000000 -0.316230 -0.447210 -0.707110 -1.000000 -0.000000 -0.000000 -0.000000 0.000000
0.000000 0.000000 0.000000 0.000000 1.000000 0.707110 0.447210 0.316230 1.000000 0.894430 0.707110 0.554700 1.000000 0.948680 0.832050 0.707110
-0.000000 0.000000 0.000000 0.000000 0.707110 1.000000 0.707110 0.447210 0.894430 1.000000 0.894430 0.707110 0.948680 1.000000 0.948680 0.832050
-0.000000 -0.000000 0.000000 0.000000 0.447210 0.707110 1.000000 0.707110 0.707110 0.894430 1.000000 0.894430 0.832050 0.948680 1.000000 0.948680
-0.000000 -0.000000 -0.000000 0.000000 0.316230 0.447210 0.707110 1.000000 0.554700 0.707110 0.894430 1.000000 0.707110 0.832050 0.948680 1.000000
-1.000000 -0.707110 -0.447210 -0.316230 0.000000 0.000000 0.000000 0.000000 1.000000 0.707110 0.447210 0.316230 1.000000 0.894430 0.707110 0.554700
-0.707110 -1.000000 -0.707110 -0.447210 -0.000000 0.000000 0.000000 0.000000 0.707110 1.000000 0.707110 0.447210 0.894430 1.000000 0.894430 0.707110
-0.447210 -0.707110 -1.000000 -0.707110 -0.000000 -0.000000 0.000000 0.000000 0.447210 0.707110 1.000000 0.707110 0.707110 0.894430 1.000000 0.894430
-0.316230 -0.447210 -0.707110 -1.000000 -0.000000 -0.000000 -0.000000 0.000000 0.316230 0.447210 0.707110 1.000000 0.554700 0.707110 0.894430 1.000000
-1.000000 -0.894430 -0.707110 -0.554700 -1.000000 -0.707110 -0.447210 -0.316230 0.000000 0.000000 0.000000 0.000000 1.000000 0.707110 0.447210 0.316230
-0.894430 -1.000000 -0.894430 -0.707110 -0.707110 -1.000000 -0.707110 -0.447210 -0.000000 0.000000 0.000000 0.000000 0.707110 1.000000 0.707110 0.447210
-0.707110 -0.894430 -1.000000 -0.894430 -0.447210 -0.707110 -1.000000 -0.707110 -0.000000 -0.000000 0.000000 0.000000 0.447210 0.707110 1.000000 0.707110
-0.554700 -0.707110 -0.894430 -1.000000 -0.316230 -0.447210 -0.707110 -1.000000 -0.000000 -0.000000 -0.000000 0.000000 0.316230 0.447210 0.707110 1.000000
-1.000000 -0.948680 -0.832050 -0.707110 -1.000000 -0.894430 -0.707110 -0.554700 -1.000000 -0.707110 -0.447210 -0.316230 0.000000 0.000000 0.000000 0.000000
-0.948680 -1.000000 -0.948680 -0.832050 -0.894430 -1.000000 -0.894430 -0.707110 -0.707110 -1.000000 -0.707110 -0.447210 -0.000000 0.000000 0.000000 0.000000
-0.832050 -0.948680 -1.000000 -0.948680 -0.707110 -0.894430 -1.000000 -0.894430 -0.447210 -0.707110 -1.000000 -0.707110 -0.000000 -0.000000 0.000000 0.000000
-0.707110 -0.832050 -0.948680 -1.000000 -0.554700 -0.707110 -0.894430 -1.000000 -0.316230 -0.447210 -0.707110 -1.000000 -0.000000 -0.000000 -0.000000 0.000000
0.000000 -1.000000 -1.000000 -1.000000 0.000000 -0.707110 -0.894430 -0.948680 0.000000 -0.447210 -0.707110 -0.832050 0.000000 -0.316230 -0.554700 -0.707110
1.000000 0.000000 -1.000000 -1.000000 0.707110 0.000000 -0.707110 -0.894430 0.447210 0.000000 -0.447210 -0.707110 0.316230 0.000000 -0.316230 -0.554700
1.000000 1.000000 0.000000 -1.000000 0.894430 0.707110 0.000000 -0.707110 0.707110 0.447210 0.000000 -0.447210 0.554700 0.316230 0.000000 -0.316230
1.000000 1.000000 1.000000 0.000000 0.948680 0.894430 0.707110 0.000000 0.832050 0.707110 0.447210 0.000000 0.707110 0.554700 0.316230 0.000000
-0.000000 -0.707110 -0.894430 -0.948680 0.000000 -1.000000 -1.000000 -1.000000 0.000000 -0.707110 -0.894430 -0.948680 0.000000 -0.447210 -0.707110 -0.832050
0.707110 -0.000000 -0.707110 -0.894430 1.000000 0.000000 -1.000000 -1.000000 0.707110 0.000000 -0.707110 -0.894430 0.447210 0.000000 -0.447210 -0.707110
0.894430 0.707110 -0.000000 -0.707110 1.000000 1.000000 0.000000 -1.000000 0.894430 0.707110 0.000000 -0.707110 0.707110 0.447210 0.000000 -0.447210
0.948680 0.894430 0.707110 -0.000000 1.000000 1.000000 1.000000 0.000000 0.948680 0.894430 0.707110 0.000000 0.832050 0.707110 0.447210 0.000000
-0.000000 -0.447210 -0.707110 -0.832050 -0.000000 -0.707110 -0.894430 -0.948680 0.000000 -1.000000 -1.000000 -1.000000 0.000000 -0.707110 -0.894430 -0.948680
0.447210 -0.000000 -0.447210 -0.707110 0.707110 -0.000000 -0.707110 -0.894430 1.000000 0.000000 -1.000000 -1.000000 0.707110 0.000000 -0.707110 -0.894430
0.707110 0.447210 -0.000000 -0.447210 0.894430 0.707110 -0.000000 -0.707110 1.000000 1.000000 0.000000 -1.000000 0.894430 0.707110 0.000000 -0.707110
0.832050 0.707110 0.447210 -0.000000 0.948680 0.894430 0.707110 -0.000000 1.000000 1.000000 1.000000 0.000000 0.948680 0.894430 0.707110 0.000000
-0.000000 -0.316230 -0.554700 -0.707110 -0.000000 -0.447210 -0.707110 -0.832050 -0.000000 -0.707110 -0.894430 -0.948680 0.000000 -1.000000 -1.000000 -1.000000
0.316230 -0.000000 -0.316230 -0.554700 0.447210 -0.000000 -0.447210 -0.707110 0.707110 -0.000000 -0.707110 -0.894430 1.000000 0.000000 -1.000000 -1.000000
0.554700 0.316230 -0.000000 -0.316230 0.707110 0.447210 -0.000000 -0.447210 0.894430 0.707110 -0.000000 -0.707110 1.000000 1.000000 0.000000 -1.000000
0.707110 0.554700 0.316230 -0.000000 0.832050 0.707110 0.447210 -0.000000 0.948680 0.894430 0.707110 -0.000000 1.000000 1.000000 1.000000 0.000000
0.000000 1.000000 1.000000 1.000000 0.000000 0.707110 0.894430 0.948680 0.000000 0.447210 0.707110 0.832050 0.000000 0.316230 0.554700 0.707110
-1.000000 0.000000 1.000000 1.000000 -0.707110 0.000000 0.707110 0.894430 -0.447210 0.000000 0.447210 0.707110 -0.316230 0.000000 0.316230 0.554700
-1.000000 -1.000000 0.000000 1.000000 -0.894430 -0.707110 0.000000 0.707110 -0.707110 -0.447210 0.000000 0.447210 -0.554700 -0.316230 0.000000 0.316230
-1.000000 -1.000000 -1.000000 0.000000 -0.948680 -0.894430 -0.707110 0.000000 -0.832050 -0.707110 -0.447210 0.000000 -0.707110 -0.554700 -0.316230 0.000000
0.000000 0.707110 0.894430 0.948680 0.000000 1.000000 1.000000 1.000000 0.000000 0.707110 0.894430 0.948680 0.000000 0.447210 0.707110 0.832050
-0.707110 0.000000 0.707110 0.894430 -1.000000 0.000000 1.000000 1.000000 -0.707110 0.000000 0.707110 0.894430 -0.447210 0.000000 0.447210 0.707110
-0.894430 -0.707110 0.000000 0.707110 -1.000000 -1.000000 0.000000 1.000000 -0.894430 -0.707110 0.000000 0.707110 -0.707110 -0.447210 0.000000 0.447210
-0.948680 -0.894430 -0.707110 0.000000 -1.000000 -1.000000 -1.000000 0.000000 -0.948680 -0.894430 -0.707110 0.000000 -0.832050 -0.707110 -0.447210 0.000000
0.000000 0.447210 0.707110 0.832050 0.000000 0.707110 0.894430 0.948680 0.000000 1.000000 1.000000 1.000000 0.000000 0.707110 0.894430 0.948680
